LEFT_CAM_2K:
  cx: 1111.39
  cy: 632.894
  fx: 1065.3
  fy: 1066.01
  k1: -0.09255716195379533
  k2: 0.09402879378547706
  k3: -0.043801565347299246
  p1: -6.307822700544463e-05
  p2: -0.0004905964705113632

LEFT_CAM_FHD:
  cx: 967.386
  cy: 551.894
  fx: 1065.3
  fy: 1066.01
  k1: -0.09255716195379533
  k2: 0.09402879378547706
  k3: -0.043801565347299246
  p1: -6.307822700544463e-05
  p2: -0.0004905964705113632

LEFT_CAM_HD:
  cx: 642.193
  cy: 364.447
  fx: 532.652
  fy: 533.007
  k1: -0.09255716195379533
  k2: 0.09402879378547706
  k3: -0.043801565347299246
  p1: -6.307822700544463e-05
  p2: -0.0004905964705113632

LEFT_CAM_VGA:
  cx: 336.597
  cy: 189.724
  fx: 266.326
  fy: 266.503
  k1: -0.09255716195379533
  k2: 0.09402879378547706
  k3: -0.043801565347299246
  p1: -6.307822700544463e-05
  p2: -0.0004905964705113632

LEFT_DISTO:
  k1: -1.3268433879594541
  k2: 4.443623237615076
  k3: -0.5885427843276536
  k4: -1.2384387896072948
  k5: 4.342381584671932
  k6: -0.41291584289529404
  p1: -0.00010646367700164292
  p2: -0.00045225208727537876

MISC:
  Sensor_ID: 0

RIGHT_CAM_2K:
  cx: 1123.34
  cy: 638.44
  fx: 1062.39
  fy: 1063.41
  k1: -0.07943213332718987
  k2: 0.06871889188646577
  k3: -0.03049885467817643
  p1: -0.00010222518210055709
  p2: -0.00018289102247970383

RIGHT_CAM_FHD:
  cx: 979.341
  cy: 557.44
  fx: 1062.39
  fy: 1063.41
  k1: -0.07943213332718987
  k2: 0.06871889188646577
  k3: -0.03049885467817643
  p1: -0.00010222518210055709
  p2: -0.00018289102247970383

RIGHT_CAM_HD:
  cx: 648.171
  cy: 367.22
  fx: 531.193
  fy: 531.706
  k1: -0.07943213332718987
  k2: 0.06871889188646577
  k3: -0.03049885467817643
  p1: -0.00010222518210055709
  p2: -0.00018289102247970383

RIGHT_CAM_VGA:
  cx: 339.585
  cy: 191.11
  fx: 265.597
  fy: 265.853
  k1: -0.07943213332718987
  k2: 0.06871889188646577
  k3: -0.03049885467817643
  p1: -0.00010222518210055709
  p2: -0.00018289102247970383

RIGHT_DISTO:
  k1: -1.4434701259302989
  k2: 2.5557868806263375
  k3: 0.20926056739551457
  k4: -1.3491192142913104
  k5: 2.3890614483184844
  k6: 0.3896800453709651
  p1: 1.1315733623096882e-05
  p2: -0.00010999175678947973

STEREO:
  Baseline: 119.973
  CV_2K: -0.00254981
  CV_FHD: -0.00254981
  CV_HD: -0.00254981
  CV_VGA: -0.00254981
  RX_2K: 0.000324753
  RX_FHD: 0.000324753
  RX_HD: 0.000324753
  RX_VGA: 0.000324753
  RZ_2K: 0.00135554
  RZ_FHD: 0.00135554
  RZ_HD: 0.00135554
  RZ_VGA: 0.00135554
  TY: 0.0291477
  TZ: -0.267892
