LEFT_CAM_2K:
  cx: 1143.13
  cy: 574.541
  fx: 1919.05
  fy: 1918.74
  k1: -0.0706329183753582
  k2: -0.024761891735179422
  k3: -0.0551905612515182
  p1: 0.0014564378902964395
  p2: -5.4900061648436864e-05

LEFT_CAM_FHD:
  cx: 999.127
  cy: 493.541
  fx: 1919.05
  fy: 1918.74
  k1: -0.0706329183753582
  k2: -0.024761891735179422
  k3: -0.0551905612515182
  p1: 0.0014564378902964395
  p2: -5.4900061648436864e-05

LEFT_CAM_HD:
  cx: 658.064
  cy: 335.271
  fx: 959.526
  fy: 959.369
  k1: -0.0706329183753582
  k2: -0.024761891735179422
  k3: -0.0551905612515182
  p1: 0.0014564378902964395
  p2: -5.4900061648436864e-05

LEFT_CAM_VGA:
  cx: 344.532
  cy: 175.135
  fx: 479.763
  fy: 479.685
  k1: -0.0706329183753582
  k2: -0.024761891735179422
  k3: -0.0551905612515182
  p1: 0.0014564378902964395
  p2: -5.4900061648436864e-05

LEFT_DISTO:
  k1: -5.321900338235373
  k2: 44.130566112027715
  k3: -20.915842196553232
  k4: -5.227058708765293
  k5: 43.600108960733614
  k6: -17.45391990958592
  p1: 0.0014283816148191902
  p2: 0.00012746040090982842

MISC:
  Sensor_ID: 0

RIGHT_CAM_2K:
  cx: 1186.67
  cy: 578.586
  fx: 1922.61
  fy: 1921.73
  k1: -0.06832410185396649
  k2: -0.04238846905919973
  k3: -0.02016117836800531
  p1: 0.001129965343034175
  p2: 0.0013409550628864406

RIGHT_CAM_FHD:
  cx: 1042.67
  cy: 497.586
  fx: 1922.61
  fy: 1921.73
  k1: -0.06832410185396649
  k2: -0.04238846905919973
  k3: -0.02016117836800531
  p1: 0.001129965343034175
  p2: 0.0013409550628864406

RIGHT_CAM_HD:
  cx: 679.833
  cy: 337.293
  fx: 961.307
  fy: 960.863
  k1: -0.06832410185396649
  k2: -0.04238846905919973
  k3: -0.02016117836800531
  p1: 0.001129965343034175
  p2: 0.0013409550628864406

RIGHT_CAM_VGA:
  cx: 355.417
  cy: 176.146
  fx: 480.653
  fy: 480.432
  k1: -0.06832410185396649
  k2: -0.04238846905919973
  k3: -0.02016117836800531
  p1: 0.001129965343034175
  p2: 0.0013409550628864406

RIGHT_DISTO:
  k1: 6.667650885487873
  k2: -8.507971723252725
  k3: 6.801093033059928
  k4: 6.784632510440281
  k5: -8.276968894163664
  k6: 7.121124601610186
  p1: 0.0012507080949832172
  p2: 0.0011803818286431145

STEREO:
  Baseline: 119.683
  CV_2K: -0.00078356
  CV_FHD: -0.00078356
  CV_HD: -0.00078356
  CV_VGA: -0.00078356
  RX_2K: -0.000996657
  RX_FHD: -0.000996657
  RX_HD: -0.000996657
  RX_VGA: -0.000996657
  RZ_2K: 0.00387303
  RZ_FHD: 0.00387303
  RZ_HD: 0.00387303
  RZ_VGA: 0.00387303
  TY: -0.410795
  TZ: 0.0962474
